%YAML:1.0
R: !!opencv-matrix
   rows: 3
   cols: 3
   dt: d
   data: [ 9.9985737570766309e-01, 1.3868991148930367e-02,
       -9.6373921522327315e-03, -1.3722738801860883e-02,
       9.9979212674324647e-01, 1.5079447668665386e-02,
       9.8445255223869321e-03, -1.4945045557876607e-02,
       9.9983985264166786e-01 ]
T: !!opencv-matrix
   rows: 3
   cols: 1
   dt: d
   data: [ 6.2536589952779620e+00, 4.3184273781730266e-02,
       -1.4285591425593375e-01 ]
R1: !!opencv-matrix
   rows: 3
   cols: 3
   dt: d
   data: [ 9.9925322619229284e-01, 2.1108385112675265e-02,
       -3.2363961782038375e-02, -2.0866820243566172e-02,
       9.9975196399513577e-01, 7.7837202410873992e-03,
       3.2520236118714595e-02, -7.1025745898093910e-03,
       9.9944584029199868e-01 ]
R2: !!opencv-matrix
   rows: 3
   cols: 3
   dt: d
   data: [ 9.9971536460563126e-01, 6.9034755559169002e-03,
       -2.2837070667636003e-02, -7.0733077526844278e-03,
       9.9994786642430522e-01, -7.3642888940938182e-03,
       2.2785040901116632e-02, 7.5237263858221994e-03,
       9.9971207627616754e-01 ]
P1: !!opencv-matrix
   rows: 3
   cols: 4
   dt: d
   data: [ 1.1558946522279791e+03, 0., 8.9937970733642578e+02, 0., 0.,
       1.1558946522279791e+03, 5.9886745452880859e+02, 0., 0., 0., 1.,
       0. ]
P2: !!opencv-matrix
   rows: 3
   cols: 4
   dt: d
   data: [ 1.1558946522279791e+03, 0., 8.9937970733642578e+02,
       7.2306290824596126e+03, 0., 1.1558946522279791e+03,
       5.9886745452880859e+02, 0., 0., 0., 1., 0. ]
Q: !!opencv-matrix
   rows: 4
   cols: 4
   dt: d
   data: [ 1., 0., 0., -8.9937970733642578e+02, 0., 1., 0.,
       -5.9886745452880859e+02, 0., 0., 0., 1.1558946522279791e+03, 0.,
       0., -1.5986086951023401e-01, 0. ]
