%YAML:1.0
M1: !!opencv-matrix
   rows: 3
   cols: 3
   dt: d
   data: [ 1.3412993389815213e+03, 0., 8.7310541597317160e+02, 0.,
       1.3412993389815213e+03, 5.9303014233423664e+02, 0., 0., 1. ]
D1: !!opencv-matrix
   rows: 1
   cols: 8
   dt: d
   data: [ -1.2810446106775067e-01, 1.4460257898099801e-01, 0., 0., 0.,
       0., 0., 1.3730343686569196e-01 ]
M2: !!opencv-matrix
   rows: 3
   cols: 3
   dt: d
   data: [ 1.3412993389815213e+03, 0., 8.2092714762929847e+02, 0.,
       1.3412993389815213e+03, 6.0709518038612191e+02, 0., 0., 1. ]
D2: !!opencv-matrix
   rows: 1
   cols: 8
   dt: d
   data: [ -1.3232247925794380e-01, 1.9459722893247458e-01, 0., 0., 0.,
       0., 0., 2.3185841215164973e-01 ]
